Petersen
+
0 1 2 3 4 5 6 7 8 9 10 
1 0 1 1 0 0 0 0 1 0 0 
2 1 0 0 1 0 0 1 0 0 0 
3 1 0 0 0 1 0 0 0 1 0 
4 0 1 0 0 1 1 0 0 0 0 
5 0 0 1 1 0 0 0 0 0 1 
6 0 0 0 1 0 0 0 1 1 0 
7 0 1 0 0 0 0 0 0 1 1 
8 1 0 0 0 0 1 0 0 0 1 
9 0 0 1 0 0 1 1 0 0 0 
10 0 0 0 0 1 0 1 1 0 0 
+
253 64
66 235
451 243
183 407
335 407
204 335
155 237
253 135
366 239
309 334
/
graph_name
+
0 1 2 3 4 5 6 7 8 
1 0 1 1 0 0 0 1 1 
2 -1 0 1 0 0 1 0 1 
3 1 1 0 1 1 0 0 0 
4 0 0 -1 0 1 1 0 0 
5 0 0 -1 1 0 0 1 0 
6 0 1 0 1 0 0 0 0 
7 1 0 0 0 1 0 0 0 
8 -1 -1 0 0 0 0 0 0 
+
136 155
346 122
217 240
357 363
167 408
387 225
60 291
229 39
/
Сетка 4х4
+
0 1 2 3 4 5 6 7 8 9 10 11 12 13 14 15 16 
1 0 1 0 0 1 0 0 0 0 0 0 0 0 0 0 0 
2 1 0 1 0 0 1 0 0 0 0 0 0 0 0 0 0 
3 0 1 0 1 0 0 1 0 0 0 0 0 0 0 0 0 
4 0 0 1 0 0 0 0 1 0 0 0 0 0 0 0 0 
5 1 0 0 0 0 1 0 0 1 0 0 0 0 0 0 0 
6 0 1 0 0 1 0 1 0 0 1 0 0 0 0 0 0 
7 0 0 1 0 0 1 0 1 0 0 1 0 0 0 0 0 
8 0 0 0 1 0 0 1 0 0 0 0 1 0 0 0 0 
9 0 0 0 0 1 0 0 0 0 1 0 0 1 0 0 0 
10 0 0 0 0 0 1 0 0 1 0 1 0 0 1 0 0 
11 0 0 0 0 0 0 1 0 0 1 0 1 0 0 1 0 
12 0 0 0 0 0 0 0 1 0 0 1 0 0 0 0 1 
13 0 0 0 0 0 0 0 0 1 0 0 0 0 1 0 0 
14 0 0 0 0 0 0 0 0 0 1 0 0 1 0 1 0 
15 0 0 0 0 0 0 0 0 0 0 1 0 0 1 0 1 
16 0 0 0 0 0 0 0 0 0 0 0 1 0 0 1 0 
+
125 156
122 236
120 315
117 399
210 156
208 237
207 318
207 398
292 153
292 240
296 319
295 399
372 151
371 240
372 320
372 399
/
example
+
0 1 2 3 4 5 6 7 
1 0 1 1 0 0 0 1 
2 1 0 0 1 0 0 0 
3 1 0 0 1 1 0 0 
4 0 1 1 0 0 1 0 
5 0 0 1 0 0 1 0 
6 0 0 0 1 1 0 0 
7 1 0 0 0 0 0 0 
+
171 161
170 256
303 163
304 255
428 158
433 261
56 63
/
oritnted_example
+
0 1 2 3 4 5 6 7 8 
1 0 1 0 0 0 0 0 -1 
2 -1 0 1 0 0 0 0 0 
3 0 -1 0 1 0 0 -1 0 
4 0 0 -1 0 1 -1 1 1 
5 0 0 0 -1 0 1 0 0 
6 0 0 0 1 -1 0 0 0 
7 0 0 1 -1 0 0 0 0 
8 1 0 0 -1 0 0 0 0 
+
100 237
99 103
278 100
278 242
212 399
418 401
410 174
197 170
/
Petersen_oriented
+
0 1 2 3 4 5 6 7 8 9 10 
1 0 -1 1 0 0 0 0 -1 0 0 
2 1 0 0 -1 0 0 1 0 0 0 
3 -1 0 0 0 1 0 0 0 1 0 
4 0 1 0 0 -1 1 0 0 0 0 
5 0 0 -1 1 0 0 0 0 0 -1 
6 0 0 0 -1 0 0 0 1 -1 0 
7 0 -1 0 0 0 0 0 0 1 -1 
8 1 0 0 0 0 -1 0 0 0 1 
9 0 0 -1 0 0 1 -1 0 0 0 
10 0 0 0 0 1 0 1 -1 0 0 
+
253 64
66 235
451 243
183 407
335 407
204 335
155 237
253 135
366 239
309 334
/
muchConnectivity
+
0 1 2 3 4 5 6 7 8 9 10 11 12 13 14 15 16 
1 0 0 0 0 0 0 1 0 0 0 0 0 0 0 0 0 
2 0 0 1 0 0 0 0 0 0 0 0 0 0 0 0 0 
3 0 1 0 0 0 0 0 0 0 0 0 0 0 0 0 0 
4 0 0 0 0 0 1 0 0 0 0 0 0 0 0 0 0 
5 0 0 0 0 0 0 1 0 0 0 0 0 0 1 0 0 
6 0 0 0 1 0 0 0 0 0 0 0 0 1 0 1 0 
7 1 0 0 0 1 0 0 0 0 1 0 0 0 0 0 0 
8 0 0 0 0 0 0 0 0 1 0 0 0 0 0 0 0 
9 0 0 0 0 0 0 0 1 0 0 0 0 0 0 0 0 
10 0 0 0 0 0 0 1 0 0 0 0 1 0 0 0 0 
11 0 0 0 0 0 0 0 0 0 0 0 0 1 0 0 0 
12 0 0 0 0 0 0 0 0 0 1 0 0 0 0 0 1 
13 0 0 0 0 0 1 0 0 0 0 1 0 0 0 0 0 
14 0 0 0 0 1 0 0 0 0 0 0 0 0 0 0 0 
15 0 0 0 0 0 1 0 0 0 0 0 0 0 0 0 0 
16 0 0 0 0 0 0 0 0 0 0 0 1 0 0 0 0 
+
41 132
166 96
327 113
226 187
88 280
221 287
129 204
367 213
440 128
412 302
180 389
348 411
308 309
50 384
115 377
277 508
/
Snowflake_4
+
0 1 2 3 4 5 6 7 8 9 10 11 12 13 
1 0 0 1 0 0 0 0 0 0 0 0 0 0 
2 0 0 1 0 0 0 0 0 0 0 0 0 0 
3 1 1 0 1 0 0 0 0 0 0 0 0 0 
4 0 0 1 0 1 0 0 1 0 0 1 0 0 
5 0 0 0 1 0 1 1 0 0 0 0 0 0 
6 0 0 0 0 1 0 0 0 0 0 0 0 0 
7 0 0 0 0 1 0 0 0 0 0 0 0 0 
8 0 0 0 1 0 0 0 0 1 1 0 0 0 
9 0 0 0 0 0 0 0 1 0 0 0 0 0 
10 0 0 0 0 0 0 0 1 0 0 0 0 0 
11 0 0 0 1 0 0 0 0 0 0 0 1 1 
12 0 0 0 0 0 0 0 0 0 0 1 0 0 
13 0 0 0 0 0 0 0 0 0 0 1 0 0 
+
82 172
180 79
210 190
286 301
384 199
396 87
481 204
359 391
363 512
472 456
208 365
49 402
136 500
/
tree_5
+
0 1 2 3 4 5 6 7 8 9 10 11 12 13 14 15 
1 0 1 1 0 0 0 0 0 0 0 0 0 0 0 0 
2 1 0 0 1 1 0 0 0 0 0 0 0 0 0 0 
3 1 0 0 0 0 1 1 0 0 0 0 0 0 0 0 
4 0 1 0 0 0 0 0 1 1 0 0 0 0 0 0 
5 0 1 0 0 0 0 0 0 0 1 1 0 0 0 0 
6 0 0 1 0 0 0 0 0 0 0 0 1 1 0 0 
7 0 0 1 0 0 0 0 0 0 0 0 0 0 1 1 
8 0 0 0 1 0 0 0 0 0 0 0 0 0 0 0 
9 0 0 0 1 0 0 0 0 0 0 0 0 0 0 0 
10 0 0 0 0 1 0 0 0 0 0 0 0 0 0 0 
11 0 0 0 0 1 0 0 0 0 0 0 0 0 0 0 
12 0 0 0 0 0 1 0 0 0 0 0 0 0 0 0 
13 0 0 0 0 0 1 0 0 0 0 0 0 0 0 0 
14 0 0 0 0 0 0 1 0 0 0 0 0 0 0 0 
15 0 0 0 0 0 0 1 0 0 0 0 0 0 0 0 
+
231 41
135 171
339 170
65 338
195 331
294 327
416 323
17 487
93 486
158 483
225 481
277 480
334 476
408 473
485 469
/
пример
+
0 1 2 3 4 5 6 7 8 9 10 11 12 
1 0 1 1 1 0 0 0 0 0 0 0 0 
2 1 0 0 0 0 0 0 0 0 0 0 0 
3 1 0 0 1 1 0 0 0 0 0 0 0 
4 1 0 1 0 0 0 0 0 0 0 0 0 
5 0 0 1 0 0 1 0 0 0 0 0 0 
6 0 0 0 0 1 0 0 0 0 0 0 0 
7 0 0 0 0 0 0 0 1 1 0 0 0 
8 0 0 0 0 0 0 1 0 0 1 0 0 
9 0 0 0 0 0 0 1 0 0 1 0 0 
10 0 0 0 0 0 0 0 1 1 0 1 0 
11 0 0 0 0 0 0 0 0 0 1 0 0 
12 0 0 0 0 0 0 0 0 0 0 0 0 
+
130 200
127 80
29 293
228 287
25 404
24 490
297 118
390 113
299 196
398 182
426 255
431 417
/
topsort_example
+
0 1 2 3 4 5 6 7 
1 0 1 1 0 0 0 -1 
2 -1 0 1 1 0 0 0 
3 -1 -1 0 0 1 1 0 
4 0 -1 0 0 -1 0 0 
5 0 0 -1 1 0 -1 0 
6 0 0 -1 0 1 0 -1 
7 1 0 0 0 0 1 0 
+
71 181
183 92
217 236
360 112
323 186
314 344
74 340
/
topsort_example2
+
0 1 2 3 4 5 6 
1 0 1 1 1 1 0 
2 -1 0 0 0 1 1 
3 -1 0 0 1 0 0 
4 -1 0 -1 0 0 0 
5 -1 -1 0 0 0 0 
6 0 -1 0 0 0 0 
+
208 223
319 115
91 358
277 367
338 236
431 119
/
topsort_example3
+
0 1 2 3 4 5 6 
1 0 1 0 0 1 1 
2 -1 0 -1 0 -1 0 
3 0 1 0 -1 0 0 
4 0 0 1 0 -1 0 
5 -1 1 0 1 0 0 
6 -1 0 0 0 0 0 
+
115 227
225 107
390 105
389 272
248 342
104 412
